0 689 19 15.546379
1 662 20 16.105022
2 698 20 15.697085
3 389 21 29.923834
4 655 21 16.265438
5 403 23 31.024051
6 660 23 16.218428
7 649 24 16.603319
8 437 25 29.292356
9 430 27 29.446355
10 633 27 16.573551
11 762 30 21.533072
12 447 33 29.882788
13 386 34 28.531137
14 678 34 15.861002
15 655 35 16.477387
16 644 37 16.678991
17 429 39 30.233879
18 389 41 28.284924
19 449 43 29.732850
20 611 44 23.682317
21 647 44 16.626786
22 469 47 30.992683
23 863 50 15.041492
24 427 53 28.195567
25 860 54 14.936760
26 482 60 31.835041
27 634 61 23.929059
28 456 62 30.560185
29 620 62 24.618391
30 171 63 17.564845
31 638 63 23.956441
32 611 64 24.718299
33 444 65 29.545588
34 631 65 24.127862
35 599 69 22.738936
36 939 69 24.377350
37 475 77 31.968814
38 859 83 14.903908
39 814 84 15.413075
40 189 85 18.133919
41 440 85 29.460546
42 702 85 15.989433
43 823 88 15.489325
44 940 88 24.471767
45 582 92 39.341088
46 146 94 16.267857
47 585 98 39.623686
48 821 98 16.071958
49 472 99 34.690226
50 368 100 29.096537
51 589 101 39.832411
52 372 103 28.857730
53 735 103 15.427395
54 92 106 24.239209
55 415 106 28.230041
56 917 106 24.388093
57 13 108 321.855581
58 370 108 29.712865
59 237 111 19.143789
60 734 113 15.488567
61 953 113 17.743834
62 323 119 35.731736
63 329 119 36.069967
64 233 121 18.925081
65 363 123 32.241604
66 355 127 31.974964
67 349 128 32.621214
68 322 129 35.281092
69 495 130 184.837084
70 367 134 31.363028
71 395 134 32.095152
72 487 134 177.619503
73 813 134 23.408835
74 210 138 18.415799
75 101 140 24.112943
76 88 141 24.164167
77 313 143 34.372669
78 341 143 37.551148
79 860 143 23.576541
80 92 144 24.075293
81 320 146 35.007870
82 233 147 17.603597
83 238 147 17.650936
84 853 148 23.447091
85 916 148 23.536945
86 491 150 125.749967
87 327 152 35.883735
88 920 152 23.817453
89 347 156 36.172108
90 756 157 15.406606
91 141 161 24.548364
92 158 161 24.468949
93 130 163 24.195616
94 412 163 44.178805
95 339 164 38.318545
96 686 166 23.993081
97 174 167 24.244028
98 508 168 129.767864
99 158 169 24.411522
100 152 170 24.464560
101 229 170 18.114088
102 512 171 120.493351
103 388 172 32.492493
104 505 172 135.556022
105 131 173 24.214100
106 509 173 129.541532
107 456 174 76.537224
108 334 176 37.537028
109 439 177 72.913438
110 320 179 34.766196
111 345 181 38.746367
112 489 181 118.351396
113 508 182 130.441238
114 579 182 194.104873
115 435 183 69.149342
116 845 183 12.882711
117 311 184 34.046293
118 191 185 24.305912
119 494 186 120.715385
120 231 187 18.233486
121 322 190 34.957947
122 224 191 18.290669
123 744 194 15.650434
124 315 199 34.410906
125 341 199 37.746424
126 319 204 34.749866
127 201 207 24.281495
128 472 209 39.557050
129 547 209 24.618810
130 464 210 39.826307
131 538 210 24.625899
132 451 211 31.563672
133 396 213 24.793741
134 422 213 28.304570
135 417 215 27.930929
136 414 216 27.386915
137 548 218 24.627839
138 259 220 27.351442
139 421 221 28.449396
140 319 227 24.426937
141 377 231 23.945041
142 168 237 21.417937
143 969 238 7.505186
144 231 253 17.592495
145 292 276 12.427972
146 289 286 12.141490
147 296 286 12.268332
148 279 294 11.453542
149 230 297 10.745939
150 204 305 10.668399
151 831 337 7.583633
152 1219 338 4.145582
153 695 3 15.695124
154 640 4 16.819267
155 673 5 15.612416
156 679 7 15.433861
157 683 8 15.490547
158 646 10 16.610396
159 1116 11 4.074662
160 645 14 16.603708
161 388 16 28.826112
162 396 16 30.095666
163 648 16 16.531049
164 677 16 15.839259
165 371 19 29.767530
166 380 20 28.858913
167 387 20 28.305491
168 392 20 29.147958
169 378 22 29.034492
170 653 22 16.514288
171 672 22 16.069452
172 404 25 30.171081
173 389 28 28.054566
174 446 29 29.773734
175 865 31 15.276058
176 393 35 28.164015
177 453 36 30.001944
178 471 37 31.075198
179 701 38 15.454295
180 446 39 29.601748
181 438 40 29.151765
182 399 41 27.821682
183 474 43 31.156542
184 637 45 23.903002
185 449 47 29.915790
186 696 47 15.452660
187 470 52 31.197973
188 471 55 31.283066
189 402 57 27.826530
190 957 65 19.190846
191 483 66 32.571145
192 445 67 29.442757
193 187 68 18.180199
194 477 70 33.041121
195 942 70 24.379476
196 212 73 17.637889
197 446 73 29.755293
198 595 73 37.940845
199 939 73 24.525554
200 457 80 32.664707
201 603 80 37.228893
202 466 82 34.175409
203 821 83 16.041593
204 850 86 16.066070
205 282 89 19.484253
206 183 90 16.917743
207 385 90 28.773209
208 839 91 12.851738
209 180 93 16.818961
210 379 95 29.166783
211 329 97 36.891806
212 427 97 29.216946
213 802 99 16.157999
214 829 100 12.853358
215 739 103 15.759664
216 278 105 19.466239
217 451 107 42.641757
218 301 108 32.614988
219 463 110 44.395744
220 730 111 15.605203
221 946 111 23.498239
222 232 112 18.438711
223 319 112 35.083959
224 458 118 44.463383
225 564 118 78.343911
226 757 118 15.491015
227 489 119 167.525575
228 308 121 33.220778
229 941 121 23.989636
230 807 126 23.432272
231 911 127 23.781433
232 156 130 24.356638
233 224 130 18.412899
234 349 130 33.178015
235 810 134 23.501161
236 907 134 23.902522
237 149 137 24.474841
238 331 137 36.827883
239 815 137 23.051558
240 177 138 24.055175
241 811 139 23.485624
242 355 140 35.132421
243 682 140 24.174005
244 743 140 15.438324
245 178 142 24.033862
246 769 142 23.611168
247 895 142 23.768761
248 902 142 23.567145
249 441 144 44.192792
250 420 145 44.632382
251 89 146 20.287212
252 415 146 44.302410
253 941 147 23.967221
254 92 148 20.386897
255 456 148 60.750465
256 1217 150 4.104730
257 313 152 33.827273
258 333 155 37.217275
259 450 155 74.834861
260 544 155 224.821525
261 150 156 24.389549
262 500 157 133.492216
263 811 157 23.937198
264 422 158 44.264041
265 474 158 77.349076
266 685 161 23.254163
267 756 161 15.368043
268 307 162 33.880937
269 689 165 23.556405
270 490 166 119.202368
271 514 167 130.378352
272 340 170 38.177988
273 330 176 35.883744
274 199 177 24.196799
275 308 177 33.822063
276 229 179 18.153272
277 509 179 79.706829
278 755 180 15.443721
279 326 181 35.431218
280 315 183 34.385228
281 541 183 24.476649
282 387 188 25.262036
283 307 189 33.384129
284 508 191 62.691556
285 885 195 7.976822
286 450 197 31.264290
287 338 198 25.389983
288 407 198 26.171072
289 476 198 40.398654
290 494 198 47.159012
291 744 198 15.450025
292 206 201 23.944965
293 546 201 24.539200
294 755 204 15.523865
295 446 206 30.271564
296 206 207 23.591236
297 554 208 25.589061
298 444 212 30.130517
299 455 212 30.971702
300 471 213 32.431259
301 410 218 27.299880
302 388 219 24.392778
303 417 219 28.332032
304 257 221 27.311248
305 377 236 17.702987
306 851 248 7.430028
307 389 249 17.524113
308 950 284 7.241090
309 282 289 11.085133
310 1219 330 4.145751
311 863 346 6.652492
312 827 357 6.239441