9 428 26 28.536136
14 683 29 15.253194
13 383 32 28.010702
12 446 32 28.963963
16 648 32 15.858440
171 677 33 15.451012
20 613 41 22.658864
23 878 44 14.378094
174 444 45 29.179708
22 468 45 30.047052
191 476 52 30.268006
26 481 59 30.915327
29 622 60 23.953076
28 455 61 29.756268
36 952 66 23.972792
40 175 82 17.309101
45 584 91 38.543928
47 587 98 38.771437
51 591 101 38.931551
52 369 103 27.922492
56 929 104 22.939295
55 413 106 27.600093
54 80 107 23.769525
58 367 108 28.419913
60 742 111 14.822683
62 319 119 35.281609
64 222 121 18.204524
66 352 128 30.439244
69 497 131 188.105367
70 364 135 30.922449
76 77 143 24.011115
81 316 147 34.488948
82 221 148 17.275821
84 901 151 22.745388
88 932 151 22.745596
86 493 152 127.395547
87 324 154 35.344543
90 765 156 14.744782
245 167 162 23.752224
91 130 163 23.966843
92 148 163 23.853548
95 336 164 37.435911
96 691 167 23.328711
102 514 173 115.943145
105 120 176 23.519355
107 457 177 78.553159
109 440 179 72.641341
110 317 181 34.558041
111 343 183 37.964914
114 581 184 184.486968
116 861 184 12.130661
115 435 185 67.518745
117 307 186 33.076730
118 183 187 23.315191
120 218 190 17.676270
121 319 191 34.476766
122 212 195 17.395181
125 339 200 37.202248
127 192 210 23.459971
129 549 211 25.124730
133 393 216 24.145191
134 420 216 27.764528
138 253 223 26.375250
139 419 224 27.810601
140 313 230 23.902873
142 156 241 20.592691
143 1010 244 6.766784
148 262 303 10.807381
149 207 308 9.990145
158 650 4 15.836464
160 649 8 15.774637
164 682 10 15.101077
161 385 15 28.007168
162 393 15 29.373979
168 389 19 28.275147
169 375 21 28.590389
173 385 27 27.279951
178 470 36 30.125612
180 444 38 29.189260
181 436 39 28.100644
184 640 43 23.014814
187 470 52 30.323904
42 709 64 15.315244
199 952 71 24.004362
48 835 77 15.225061
200 456 80 32.081652
203 832 80 15.301248
207 381 89 27.819468
210 376 95 27.928819
213 813 96 15.439966
212 425 97 28.776577
217 450 109 42.431060
221 959 109 22.754609
219 462 110 43.805370
220 738 110 14.938230
222 221 111 17.886880
218 298 111 32.202783
224 458 119 43.608824
225 566 119 77.235241
229 954 119 23.056995
228 304 122 32.458735
231 923 126 22.784972
232 145 132 23.925681
233 212 132 17.671907
85 919 132 22.854669
235 819 133 22.723602
241 820 138 22.728776
240 167 139 22.980124
243 687 140 23.764473
248 914 141 22.700371
242 352 142 35.709766
250 420 147 43.682987
253 954 147 23.117621
255 457 150 60.925790
263 820 157 21.867466
262 502 159 131.036549
264 422 160 43.630074
267 766 161 14.630722
266 690 162 22.715024
268 303 165 32.864797
269 694 166 22.740798
272 338 172 37.867590
274 190 180 23.134610
277 511 181 78.428728
278 765 182 14.762178
280 312 185 33.529732
126 317 190 34.195010
283 303 192 32.538780
284 510 193 61.183997
285 914 198 7.268974
291 753 200 14.815230
288 404 201 25.084233
295 445 209 29.606751
298 442 215 29.233913
302 384 223 23.839544
305 372 241 17.070819
306 879 256 6.724004
309 264 299 10.406283